# UKGDS: 75-bus distribution network

# Bus information
BUS 301 33 -30 -10 0 0. ;
BUS 1100 11 0 0 0 0. ;
BUS 1101 11 0.392 0.0784 0 0. ;
BUS 1102 11 -1.338 -0.7316 0 0. ;
BUS 1103 11 0.116 0.0232 0 0. ;
BUS 1104 11 0.392 0.0784 0 0. ;
BUS 1105 11 -1.338 -0.7316 0 0. ;
BUS 1106 11 0.116 0.0232 0 0. ;
BUS 1107 11 0.392 0.0784 0 0. ;
BUS 1108 11 -1.338 -0.7316 0 0. ;
BUS 1109 11 0.116 0.0232 0 0. ;
BUS 1110 11 0.394 0.0788 0 0. ;
BUS 1111 11 0.394 0.0788 0 0. ;
BUS 1112 11 -1.334 -0.7308 0 0. ;
BUS 1113 11 0.1 0.02 0 0. ;
BUS 1114 11 0.102 0.0204 0 0. ;
BUS 1115 11 0.426 0.0852 0 0. ;
BUS 1116 11 -1.304 -0.7248 0 0. ;
BUS 1117 11 0.426 0.0852 0 0. ;
BUS 1118 11 -1.304 -0.7248 0 0. ;
BUS 1119 11 -1.304 -0.7248 0 0. ;
BUS 1120 11 0.426 0.0852 0 0. ;
BUS 1121 11 -1.304 -0.7248 0 0. ;
BUS 1122 11 0.212 0.0424 0 0. ;
BUS 1123 11 0.212 0.0424 0 0. ;
BUS 1124 11 0.214 0.0428 0 0. ;
BUS 1125 11 0.214 0.0428 0 0. ;
BUS 1126 11 0.426 0.0852 0 0. ;
BUS 1127 11 -1.304 -0.7248 0 0. ;
BUS 1128 11 0.426 0.0852 0 0. ;
BUS 1129 11 -1.304 -0.7248 0 0. ;
BUS 1130 11 -1.304 -0.7248 0 0. ;
BUS 1131 11 0.426 0.0852 0 0. ;
BUS 1132 11 -1.304 -0.7248 0 0. ;
BUS 1133 11 0.212 0.0424 0 0. ;
BUS 1134 11 0.212 0.0424 0 0. ;
BUS 1135 11 0.214 0.0428 0 0. ;
BUS 1136 11 0.214 0.0428 0 0. ;
BUS 1137 11 0.434 0.0868 0 0. ;
BUS 1138 11 -1.296 -0.7232 0 0. ;
BUS 1139 11 0.436 0.0872 0 0. ;
BUS 1140 11 -1.294 -0.7228 0 0. ;
BUS 1141 11 -1.294 -0.7228 0 0. ;
BUS 1142 11 0.436 0.0872 0 0. ;
BUS 1143 11 -1.294 -0.7228 0 0. ;
BUS 1144 11 0.436 0.0872 0 0. ;
BUS 1145 11 -1.294 -0.7228 0 0. ;
BUS 1146 11 0.216 0.0432 0 0. ;
BUS 1147 11 0.218 0.0436 0 0. ;
BUS 1148 11 0.218 0.0436 0 0. ;
BUS 1149 11 0.218 0.0436 0 0. ;
BUS 1150 11 0.218 0.0436 0 0. ;
BUS 1151 11 0.342 0.0684 0 0. ;
BUS 1152 11 -1.388 -0.7416 0 0. ;
BUS 1153 11 0.344 0.0688 0 0. ;
BUS 1154 11 0.344 0.0688 0 0. ;
BUS 1155 11 -1.386 -0.7412 0 0. ;
BUS 1156 11 0.344 0.0688 0 0. ;
BUS 1157 11 0.344 0.0688 0 0. ;
BUS 1158 11 0.344 0.0688 0 0. ;
BUS 1159 11 -1.386 -0.7412 0 0. ;
BUS 1160 11 0.344 0.0688 0 0. ;
BUS 1161 11 0.344 0.0688 0 0. ;
BUS 1162 11 -1.386 -0.7412 0 0. ;
BUS 1163 11 0.344 0.0688 0 0. ;
BUS 1164 11 0.344 0.0688 0 0. ;
BUS 1165 11 0.344 0.0688 0 0. ;
BUS 1166 11 -1.386 -0.7412 0 0. ;
BUS 1167 11 0.222 0.0444 0 0. ;
BUS 1168 11 0.222 0.0444 0 0. ;
BUS 1169 11 0.224 0.0448 0 0. ;
BUS 1170 11 0.224 0.0448 0 0. ;
BUS 1171 11 0.224 0.0448 0 0. ;
BUS 1172 11 0.224 0.0448 0 0. ;
BUS 1173 11 0.224 0.0448 0 0. ;
BUS 1174 11 0.224 0.0448 0 0. ;
BUS 1175 11 0.224 0.0448 0 0. ;

# Generator information
GENER 301 301 301 0.0 0.0 1.00 ...
SLACK 301;

# Transformer and line information
TRFO 1100-301-1 1100 301 ' ' 1.2426 17.268 0 97 26.4 0. 0. 0 0. 0 1 ;
TRFO 1100-301-2 1100 301 ' ' 1.2426 17.268 0 97 26.4 0. 0. 0 0. 0 1 ;
LINE 1100-1101 1100 1101 0.37088 0.19218 0 6.82 1 ;
LINE 1101-1102 1101 1102 0.37088 0.19218 0 6.82 1 ;
LINE 1102-1103 1102 1103 0.017819 0.0048545 0 4.84 1 ;
LINE 1100-1104 1100 1104 0.37088 0.19218 0 6.82 1 ;
LINE 1104-1105 1104 1105 0.37088 0.19218 0 6.82 1 ;
LINE 1105-1106 1105 1106 0.017819 0.0048545 0 4.84 1 ;
LINE 1100-1107 1100 1107 0.37088 0.19218 0 6.82 1 ;
LINE 1107-1108 1107 1108 0.37088 0.19218 0 6.82 1 ;
LINE 1108-1109 1108 1109 0.017819 0.0048545 0 4.84 1 ;
LINE 1100-1110 1100 1110 0.63181 0.32731 0 6.82 1 ;
LINE 1110-1111 1110 1111 0.63181 0.32731 0 6.82 1 ;
LINE 1111-1112 1111 1112 0.63181 0.32731 0 6.82 1 ;
LINE 1111-1113 1111 1113 0.020136 0.0054668 0 4.84 1 ;
LINE 1112-1114 1112 1114 0.020136 0.0054668 0 4.84 1 ;
LINE 1100-1115 1100 1115 0.081311 0.062648 0 8.86 1 ;
LINE 1115-1116 1115 1116 0.081311 0.062648 0 8.86 1 ;
LINE 1116-1117 1116 1117 0.081311 0.062648 0 8.86 1 ;
LINE 1117-1118 1117 1118 0.081311 0.062648 0 8.86 1 ;
LINE 1118-1119 1118 1119 0.081311 0.062648 0 8.86 1 ;
LINE 1119-1120 1119 1120 0.081311 0.062648 0 8.86 1 ;
LINE 1120-1121 1120 1121 0.081311 0.062648 0 8.86 1 ;
LINE 1116-1122 1116 1122 0.013444 0.0036463 0 4.84 1 ;
LINE 1118-1123 1118 1123 0.013444 0.0036463 0 4.84 1 ;
LINE 1119-1124 1119 1124 0.013444 0.0036463 0 4.84 1 ;
LINE 1121-1125 1121 1125 0.013444 0.0036463 0 4.84 1 ;
LINE 1100-1126 1100 1126 0.081311 0.062648 0 8.86 1 ;
LINE 1126-1127 1126 1127 0.081311 0.062648 0 8.86 1 ;
LINE 1127-1128 1127 1128 0.081311 0.062648 0 8.86 1 ;
LINE 1128-1129 1128 1129 0.081311 0.062648 0 8.86 1 ;
LINE 1129-1130 1129 1130 0.081311 0.062648 0 8.86 1 ;
LINE 1130-1131 1130 1131 0.081311 0.062648 0 8.86 1 ;
LINE 1131-1132 1131 1132 0.081311 0.062648 0 8.86 1 ;
LINE 1127-1133 1127 1133 0.013444 0.0036463 0 4.84 1 ;
LINE 1129-1134 1129 1134 0.013444 0.0036463 0 4.84 1 ;
LINE 1130-1135 1130 1135 0.013444 0.0036463 0 4.84 1 ;
LINE 1132-1136 1132 1136 0.013444 0.0036463 0 4.84 1 ;
LINE 1100-1137 1100 1137 0.12316 0.094823 0 8.86 1 ;
LINE 1137-1138 1137 1138 0.12316 0.094823 0 8.86 1 ;
LINE 1138-1139 1138 1139 0.12316 0.094823 0 8.86 1 ;
LINE 1139-1140 1139 1140 0.12316 0.094823 0 8.86 1 ;
LINE 1140-1141 1140 1141 0.12316 0.094823 0 8.86 1 ;
LINE 1141-1142 1141 1142 0.12316 0.094823 0 8.86 1 ;
LINE 1142-1143 1142 1143 0.12316 0.094823 0 8.86 1 ;
LINE 1143-1144 1143 1144 0.12316 0.094823 0 8.86 1 ;
LINE 1144-1145 1144 1145 0.12316 0.094823 0 8.86 1 ;
LINE 1138-1146 1138 1146 0.014924 0.0040511 0 4.84 1 ;
LINE 1140-1147 1140 1147 0.014924 0.0040511 0 4.84 1 ;
LINE 1141-1148 1141 1148 0.014924 0.0040511 0 4.84 1 ;
LINE 1143-1149 1143 1149 0.014924 0.0040511 0 4.84 1 ;
LINE 1145-1150 1145 1150 0.014924 0.0040511 0 4.84 1 ;
LINE 1100-1151 1100 1151 0.064774 0.049871 0 8.86 1 ;
LINE 1151-1152 1151 1152 0.064774 0.049871 0 8.86 1 ;
LINE 1152-1153 1152 1153 0.064774 0.049871 0 8.86 1 ;
LINE 1153-1154 1153 1154 0.064774 0.049871 0 8.86 1 ;
LINE 1154-1155 1154 1155 0.064774 0.049871 0 8.86 1 ;
LINE 1155-1156 1155 1156 0.064774 0.049871 0 8.86 1 ;
LINE 1156-1157 1156 1157 0.064774 0.049871 0 8.86 1 ;
LINE 1157-1158 1157 1158 0.064774 0.049871 0 8.86 1 ;
LINE 1158-1159 1158 1159 0.064774 0.049871 0 8.86 1 ;
LINE 1159-1160 1159 1160 0.064774 0.049871 0 8.86 1 ;
LINE 1160-1161 1160 1161 0.064774 0.049871 0 8.86 1 ;
LINE 1161-1162 1161 1162 0.064774 0.049871 0 8.86 1 ;
LINE 1162-1163 1162 1163 0.064774 0.049871 0 8.86 1 ;
LINE 1163-1164 1163 1164 0.064774 0.049871 0 8.86 1 ;
LINE 1164-1165 1164 1165 0.064774 0.049871 0 8.86 1 ;
LINE 1165-1166 1165 1166 0.064774 0.049871 0 8.86 1 ;
LINE 1152-1167 1152 1167 0.024346 0.0066124 0 4.84 1 ;
LINE 1154-1168 1154 1168 0.024346 0.0066124 0 4.84 1 ;
LINE 1155-1169 1155 1169 0.024346 0.0066124 0 4.84 1 ;
LINE 1157-1170 1157 1170 0.024346 0.0066124 0 4.84 1 ;
LINE 1159-1171 1159 1171 0.024346 0.0066124 0 4.84 1 ;
LINE 1161-1172 1161 1172 0.024346 0.0066124 0 4.84 1 ;
LINE 1162-1173 1162 1173 0.024346 0.0066124 0 4.84 1 ;
LINE 1164-1174 1164 1174 0.024346 0.0066124 0 4.84 1 ;
LINE 1166-1175 1166 1175 0.024346 0.0066124 0 4.84 1 ;
